0.0854823243974054	7.6960298595051300
0.0898012193696428	7.6179065655341400
0.0941201143418800	7.5453214277551700
0.0984390093141175	7.4767735625622400
0.1027579042863550	7.4104931243003200
0.1070767992585920	7.3459346281935500
0.1113956942308300	7.2826888386959700
0.1157145892030670	7.2207529416405600
0.1200334841753050	7.1604084081581900
0.1243523791475420	7.1020251733772200
0.1286712741197790	7.0460360946341600
0.1329901690920170	6.9919104473238300
0.1373090640642540	6.9385408980407600
0.1416279590364910	6.8844326186579100
0.1459468540087290	6.8291011775905500
0.1502657489809660	6.7729594491306900
0.1545846439532040	6.7171850994919600
0.1589035389254410	6.6625210319012500
0.1632224338976780	6.6093528519199600
0.1675413288699150	6.5575776258178400
0.1718602238421530	6.5071013597656700
0.1761791188143910	6.4577730188870100
0.1804980137866280	6.4091167816977000
0.1848169087588650	6.3604757681452500
0.1891358037311020	6.3114361028391700
0.1934546987033400	6.2625233854971900
0.1977735936755770	6.2140036941782000
0.2020924886478150	6.1659884569289400
0.2064113836200520	6.1187327289098700
0.2107302785922900	6.0723370717355900
0.2150491735645270	6.0273800733868400
0.2193680685367640	5.9837491732841400
0.2236869635090020	5.9408910062210300
0.2280058584812390	5.8980083777379400
0.2323247534534760	5.8546305221288800
0.2366436484257140	5.8113633583821600
0.2409625433979510	5.7684389482281300
0.2452814383701880	5.7263411906280100
0.2496003333424260	5.6852969263518600
0.2539192283146630	5.6449050813105000
0.2582381232869010	5.6047425511002400
0.2625570182591380	5.5643910788857700
0.2668759132313760	5.5241623830139100
0.2711948082036120	5.4844379294568500
0.2755137031758500	5.4449803909307600
0.2798325981480870	5.4054338102966700
0.2841514931203250	5.3652379623492900
0.2884703880925620	5.3240740856131400
0.2927892830647990	5.2818533626740000
0.2971081780370370	5.2388372909460000
0.3014270730092740	5.1960057681161900
0.3057459679815120	5.1540760380145300
0.3100648629537490	5.1120304747090200
0.3143837579259860	5.0696390649270800
0.3187026528982240	5.0263183955241600
0.3230215478704610	4.9832412942573200
0.3273404428426990	4.9405732028888900
0.3316593378149360	4.8992099111794200
0.3359782327871740	4.8595511021717100
0.3402971277594110	4.8206524010857600
0.3446160227316480	4.7819942601316400
0.3489349177038860	4.7429477068693400
0.3532538126761230	4.7035359201922700
0.3575727076483600	4.6632606963246600
0.3618916026205970	4.6221155571655000
0.3662104975928350	4.5807444705287900
0.3705293925650720	4.5394703147206900
0.3748482875373090	4.4984766185555000
0.3791671825095470	4.4575416803852300
0.3834860774817840	4.4165550162453600
0.3878049724540220	4.3752643055296100
0.3921238674262590	4.3332559062391900
0.3964427623984970	4.2908599119493900
0.4007616573707340	4.2484957424709200
0.4050805523429710	4.2069969199842200
0.4093994473152090	4.1664351059288600
0.4137183422874460	4.1270898815436900
0.4180372372596840	4.0887648733855500
0.4223561322319210	4.0505404855318300
0.4266750272041580	4.0115799903735000
0.4309939221763960	3.9712264011918000
0.4353128171486330	3.9300811482701100
0.4396317121208710	3.8885704446900700
0.4439506070931080	3.8483026212068900
0.4482695020653460	3.8099608535244700
0.4525883970375830	3.7721278667578100
0.4569072920098190	3.7333598735767400
0.4612261869820580	3.6934111051862100
0.4655450819542950	3.6536531675101800
0.4698639769265320	3.6150390936455900
0.4741828718987690	3.5765698566648700
0.4785017668710080	3.5380998718625800
0.4828206618432450	3.4991501788739200
0.4871395568154810	3.4601008755571500
0.4914584517877190	3.4204624621444000
0.4957773467599570	3.3795149046029300
0.5000962417321940	3.3373255857306400
0.5044151367044310	3.2945379931993600
0.5087340316766690	3.2521519824747400
0.5130529266489050	3.2099563150102300
0.5173718216211430	3.1676496899415000
0.5216907165933810	3.1251964409600700
0.5260096115656180	3.0830139982227200
0.5303285065378550	3.0417328030350700
0.5346474015100930	3.0008734247997600
0.5389662964823310	2.9604571274862300
0.5432851914545670	2.9200373729668500
0.5476040864268040	2.8794780078386100
0.5519229813990430	2.8381043672941000
0.5562418763712800	2.7960952712298000
0.5605607713435170	2.7541580651199600
0.5648796663157540	2.7126536372677000
0.5691985612879930	2.6713936521944900
0.5735174562602290	2.6304134356349500
0.5778363512324660	2.5896959586578200
0.5821552462047050	2.5490979009692900
0.5864741411769420	2.5088530201625100
0.5907930361491780	2.4698015367977500
0.5951119311214160	2.4325888931871700
0.5994308260936540	2.3968819792873100
0.6037497210658900	2.3621514000181900
0.6080686160381280	2.3274974478205600
0.6123875110103660	2.2927411017444400
0.6167064059826040	2.2577101287900800
0.6210253009548400	2.2225376847337500
0.6253441959270780	2.1869873001746100
0.6296630908993150	2.1511626294910200
0.6339819858715520	2.1152259774781900
0.6383008808437900	2.0790801167510700
0.6426197758160280	2.0429308367289600
0.6469386707882650	2.0070354333197000
0.6512575657605020	1.9718962286114100
0.6555764607327400	1.9370871114198700
0.6598953557049770	1.9023891454538400
0.6642142506772140	1.8675016372324300
0.6685331456494510	1.8320521104664000
0.6728520406216900	1.7963023397390000
0.6771709355939270	1.7605242520398900
0.6814898305661630	1.7248588015877700
0.6858087255384010	1.6889341922212900
0.6901276205106390	1.6525101184292100
0.6944465154828750	1.6160072111060100
0.6987654104551130	1.5799729436017700
0.7030843054273510	1.5446539191282600
0.7074032003995890	1.5104266411989900
0.7117220953718240	1.4769042012589600
0.7160409903440630	1.4440571786627800
0.7203598853163010	1.4117335968632100
0.7246787802885370	1.3799346157763900
0.7289976752607750	1.3479628583409100
0.7333165702330130	1.3153870915923200
0.7376354652052510	1.2823912914290600
0.7419543601774860	1.2498138670644200
0.7462732551497250	1.2176701084612600
0.7505921501219630	1.1861717082145200
0.7549110450941990	1.1553563158082000
0.7592299400664360	1.1255668386618500
0.7635488350386750	1.0965624405842300
0.7678677300109100	1.0676614943618400
0.7721866249831480	1.0385759262328700
0.7765055199553860	1.0093560657458600
0.7808244149276240	0.9799433128237730
0.7851433098998600	0.9506414332262720
0.7894622048720980	0.9215327582645060
0.7937810998443360	0.8930211787080210
0.7980999948165720	0.8651943443047720
0.8024188897888100	0.8381753296274090
0.8067377847610480	0.8122686442561060
0.8110566797332860	0.7872133772912330
0.8153755747055220	0.7626563671353620
0.8196944696777600	0.7382287517712030
0.8240133646499980	0.7135881251382480
0.8283322596222330	0.6884435717803330
0.8326511545944710	0.6632172010792370
0.8369700495667100	0.6383056518422740
0.8412889445389480	0.6143385205208900
0.8456078395111840	0.5910321743457870
0.8499267344834220	0.5682889936745620
0.8542456294556590	0.5457112248208980
0.8585645244278950	0.5231405269051510
0.8628834194001330	0.5009293626094300
0.8672023143723720	0.4793722683921970
0.8715212093446090	0.4586729459004650
0.8758401043168460	0.4387901229443680
0.8801589992890840	0.4197713371180660
0.8844778942613210	0.4012835845404940
0.8887967892335570	0.3828443885312170
0.8931156842057950	0.3643504095639450
0.8974345791780330	0.3460184813291940
0.9017534741502710	0.3282005738359140
0.9060723691225080	0.3108222671800970
0.9103912640947460	0.2939850019382140
0.9147101590669820	0.2777529367941490
0.9190290540392180	0.2612894791362870
0.9233479490114570	0.2448800085244680
0.9276668439836950	0.2280692453561960
0.9319857389559330	0.2115918207042710
0.9363046339281700	0.1955162761790290
0.9406235289004060	0.1802280162823670
0.9449424238726440	0.1652806816435360
0.9492613188448800	0.1504422413347580
0.9535802138171180	0.1360744514278130
0.9578991087893570	0.1227856701745150
0.9622180037615950	0.1103112097345290
0.9665368987338310	0.0981169042949709
0.9708557937060670	0.0857482142227979
0.9751746886783050	0.0732629591713287
0.9794935836505420	0.0615437466497212
0.9838124786227800	0.0508286801125560
0.9881313735950180	0.0409611469832016
0.9924502685672570	0.0312274465428007
0.9967691635394930	0.0221271548260354
1.0010880585117300	0.0132445363452449
1.0054069534839700	0.0042462942500369
1.0097258484562000	-0.0052639631985232
1.0140447434284400	-0.0145532666826743
1.0183636384006800	-0.0234590584842209
1.0226825333729200	-0.0314700517500634
1.0270014283451500	-0.0385521566933344
1.0313203233173900	-0.0453208224309960
1.0356392182896300	-0.0524431433509932
1.0399581132618700	-0.0597286836055675
1.0442770082341000	-0.0661593714742455
1.0485959032063400	-0.0710496424255135
1.0529147981785800	-0.0733069233025544

