0.0849081566672745	9.2490021147677300
0.0895926862628461	9.1308616233581900
0.0942772158584174	9.0152641447345400
0.0989617454539891	8.9024526597588300
0.1036462750495600	8.7910925006755000
0.1083308046451320	8.6810291342568000
0.1130153342407040	8.5731562801560600
0.1176998638362750	8.4673712550835700
0.1223843934318460	8.3643923372418500
0.1270689230274180	8.2644012903573600
0.1317534526229900	8.1667995917952100
0.1364379822185610	8.0713006812890500
0.1411225118141320	7.9767770089786600
0.1458070414097040	7.8825392507133200
0.1504915710052750	7.7899964325881500
0.1551761006008470	7.7016197603457500
0.1598606301964180	7.6177663502461300
0.1645451597919900	7.5364015179547900
0.1692296893875620	7.4557460654441200
0.1739142189831330	7.3760717949878600
0.1785987485787040	7.2972017018243100
0.1832832781742760	7.2200831458301900
0.1879678077698470	7.1450676625479100
0.1926523373654190	7.0719089548693600
0.1973368669609900	6.9999171452450200
0.2020213965565620	6.9279577220388400
0.2067059261521330	6.8564065041237200
0.2113904557477040	6.7850859236579700
0.2160749853432760	6.7133368363065600
0.2207595149388480	6.6414216378511400
0.2254440445344190	6.5697912845666800
0.2301285741299910	6.5008787167707200
0.2348131037255620	6.4344780024808700
0.2394976333211340	6.3696993208126000
0.2441821629167050	6.3049629060798900
0.2488666925122760	6.2393966477416000
0.2535512221078480	6.1725030839383400
0.2582357517034190	6.1055481668228500
0.2629202812989910	6.0400222029088700
0.2676048108945630	5.9775483537199800
0.2722893404901340	5.9170341281988200
0.2769738700857060	5.8576234861684300
0.2816583996812770	5.7981373182388300
0.2863429292768480	5.7394265446031500
0.2910274588724200	5.6819116293420400
0.2957119884679910	5.6258854103025900
0.3003965180635630	5.5702365469913300
0.3050810476591340	5.5145960781448000
0.3097655772547060	5.4582224734521200
0.3144501068502780	5.4009194011100600
0.3191346364458480	5.3435033306995000
0.3238191660414210	5.2869997704063600
0.3285036956369910	5.2316596263023300
0.3331882252325630	5.1776793922429500
0.3378727548281350	5.1257992266357500
0.3425572844237060	5.0759164092732000
0.3472418140192780	5.0255384171267200
0.3519263436148490	4.9733624183698800
0.3566108732104200	4.9203903163209500
0.3612954028059920	4.8687675559066800
0.3659799324015630	4.8171606738557000
0.3706644619971350	4.7651520080682300
0.3753489915927070	4.7130780832405700
0.3800335211882780	4.6614694825073100
0.3847180507838500	4.6093704138548900
0.3894025803794210	4.5561186471395300
0.3940871099749930	4.5026932956860700
0.3987716395705650	4.4491684359538400
0.4034561691661350	4.3960887682591700
0.4081406987617070	4.3439549724845200
0.4128252283572780	4.2928652536584400
0.4175097579528500	4.2418650099678400
0.4221942875484220	4.1902940225719100
0.4268788171439930	4.1384549245483200
0.4315633467395650	4.0869113638757900
0.4362478763351350	4.0367369936066100
0.4409324059307070	3.9879461848989800
0.4456169355262790	3.9401714879987600
0.4503014651218500	3.8926878327134200
0.4549859947174220	3.8457104674873300
0.4596705243129930	3.7996477370062700
0.4643550539085650	3.7539917014299500
0.4690395835041360	3.7083649730032100
0.4737241130997080	3.6623419404081400
0.4784086426952800	3.6151410363120100
0.4830931722908500	3.5677655159908200
0.4877777018864220	3.5207312558115900
0.4924622314819940	3.4743380865090400
0.4971467610775650	3.4274974776226700
0.5018312906731360	3.3799901110908400
0.5065158202687090	3.3319392891913500
0.5112003498642790	3.2835458365874300
0.5158848794598510	3.2353980463146700
0.5205694090554230	3.1876844571307200
0.5252539386509940	3.1403193422085000
0.5299384682465660	3.0921315661623700
0.5346229978421370	3.0437402073457800
0.5393075274377090	2.9962985058464100
0.5439920570332800	2.9500906706537200
0.5486765866288510	2.9044478967495800
0.5533611162244240	2.8587391556317800
0.5580456458199940	2.8131951293173000
0.5627301754155660	2.7677430860369300
0.5674147050111370	2.7228709125252800
0.5720992346067090	2.6782444224972300
0.5767837642022800	2.6344386323921600
0.5814682937978520	2.5912147309280600
0.5861528233934240	2.5485100817227800
0.5908373529889940	2.5063037577440400
0.5955218825845670	2.4632147750413600
0.6002064121801380	2.4197435184495600
0.6048909417757090	2.3768704029479700
0.6095754713712800	2.3355498053564100
0.6142600009668530	2.2952146428256400
0.6189445305624240	2.2548289423831000
0.6236290601579950	2.2143191719072200
0.6283135897535670	2.1744081973011000
0.6329981193491380	2.1353225531262000
0.6376826489447100	2.0967215339433900
0.6423671785402820	2.0582830471241200
0.6470517081358530	2.0207217764689600
0.6517362377314240	1.9838641791356600
0.6564207673269950	1.9469553644053300
0.6611052969225680	1.9087483356519000
0.6657898265181380	1.8696977462638900
0.6704743561137100	1.8299368855360300
0.6751588857092820	1.7901100327144500
0.6798434153048530	1.7504342059798900
0.6845279449004240	1.7118298874629100
0.6892124744959970	1.6743894762062700
0.6938970040915680	1.6377389461265900
0.6985815336871380	1.6011979576097600
0.7032660632827120	1.5648593155567200
0.7079505928782830	1.5292418836252700
0.7126351224738530	1.4939599069361000
0.7173196520694240	1.4583832511743500
0.7220041816649980	1.4224300178452200
0.7266887112605680	1.3871580611385600
0.7313732408561390	1.3531655652003800
0.7360577704517120	1.3202370089849700
0.7407423000472830	1.2878626069748100
0.7454268296428540	1.2559446671091900
0.7501113592384260	1.2245043945193200
0.7547958888339980	1.1932895666085800
0.7594804184295680	1.1619098232650500
0.7641649480251390	1.1307940673771000
0.7688494776207120	1.1008847935046400
0.7735340072162820	1.0720397765808400
0.7782185368118530	1.0434092160021300
0.7829030664074260	1.0146417762924400
0.7875875960029970	0.9855366026924170
0.7922721255985680	0.9567115242691230
0.7969566551941410	0.9278092341829820
0.8016411847897120	0.8993608053592770
0.8063257143852820	0.8715214806171490
0.8110102439808560	0.8448738259977870
0.8156947735764270	0.8190079392199930
0.8203793031719970	0.7933135613004460
0.8250638327675680	0.7672943303924820
0.8297483623631420	0.7418777375378330
0.8344328919587120	0.7177137099991080
0.8391174215542830	0.6940398140595010
0.8438019511498560	0.6703080981860950
0.8484864807454270	0.6463851550328800
0.8531710103409970	0.6232961308750230
0.8578555399365710	0.6010412811639350
0.8625400695321410	0.5790307730554160
0.8672245991277120	0.5572908767218650
0.8719091287232830	0.5356025201266950
0.8765936583188560	0.5140582139813430
0.8812781879144270	0.4925498333380450
0.8859627175099970	0.4713527516048480
0.8906472471055700	0.4505059636835090
0.8953317767011410	0.4298398240189100
0.9000163062967130	0.4098710029746180
0.9047008358922850	0.3909152229770290
0.9093853654878560	0.3729330077074980
0.9140698950834270	0.3545578669303820
0.9187544246789970	0.3366707695431270
0.9234389542745710	0.3199726737088000
0.9281234838701420	0.3053453264923250
0.9328080134657130	0.2909884056470540
0.9374925430612850	0.2764293384378140
0.9421770726568560	0.2617289259010420
0.9468616022524270	0.2477645369876430
0.9515461318479990	0.2346266269709540
0.9562306614435700	0.2216420207775160
0.9609151910391420	0.2088960170907600
0.9655997206347150	0.1961716786790250
0.9702842502302860	0.1842787214556220
0.9749687798258560	0.1730413035019040
0.9796533094214270	0.1621646750741350
0.9843378390170000	0.1517462635496110
0.9890223686125720	0.1422192909586800
0.9937068982081420	0.1341725339730170
0.9983914278037150	0.1264316733763760
1.0030759573992900	0.1177922175183660
1.0077604869948600	0.1088059866045940
1.0124450165904300	0.1008472515399550
1.0171295461860000	0.0939807728783161
1.0218140757815700	0.0876425492783078
1.0264986053771400	0.0814104911012438
1.0311831349727200	0.0753738952726918
1.0358676645682900	0.0692955549698569
1.0405521941638600	0.0626654586628490
1.0452367237594300	0.0564277544337154
1.0499212533550000	0.0503648844905689
1.0546057829505700	0.0462466281869783
1.0592903125461400	0.0430833234789765
1.0639748421417200	0.0396645290481881
1.0686593717372900	0.0350907762899099
1.0733439013328600	0.0296081531044744
1.0780284309284300	0.0246387820926882
1.0827129605240000	0.0209635103124062
1.0873974901195700	0.0188716314582973
1.0920820197151400	0.0163853159225387
1.0967665493107200	0.0134321674581618
1.1014510789062900	0.0101283055528731
1.1061356085018600	0.0078008748060336
1.1108201380974300	0.0056926424470950
1.1155046676930000	0.0042419662456018
1.1201891972885700	0.0025377755076109
1.1248737268841400	-0.0001772150731571
1.1295582564797100	-0.0027899683717886
1.1342427860752900	-0.0049671113816060
1.1389273156708600	-0.0057590839256060
1.1436118452664300	-0.0067141955688877
1.1482963748620000	-0.0076581911121856
1.1529809044575700	-0.0093319814392298
1.1576654340531400	-0.0112701649459252
1.1623499636487200	-0.0131797716949154
1.1670344932442900	-0.0137533868120106
1.1717190228398600	-0.0158812699181690
1.1764035524354300	-0.0085718494671383

