0.0836218073166754	12.4155505259693000
0.0886706901130053	11.7510057599091000
0.0937195729093352	11.3973419800549000
0.0987684557056648	11.1679225425575000
0.1038173385019950	10.9915027491114000
0.1088662212983240	10.8307723995309000
0.1139151040946540	10.6728860092650000
0.1189639868909840	10.5176370582576000
0.1240128696873140	10.3653386708211000
0.1290617524836440	10.2144575036976000
0.1341106352799740	10.0654331987589000
0.1391595180763040	9.9201550895342200
0.1442084008726330	9.7801190898420700
0.1492572836689630	9.6463618707249400
0.1543061664652930	9.5168817232425800
0.1593550492616230	9.3915794436572700
0.1644039320579520	9.2676454044073900
0.1694528148542820	9.1454896608445900
0.1745016976506120	9.0248779396462300
0.1795505804469420	8.9081807692021500
0.1845994632432720	8.7943372937178500
0.1896483460396020	8.6836314124011800
0.1946972288359320	8.5752255164040600
0.1997461116322620	8.4693103541511800
0.2047949944285910	8.3653878504414800
0.2098438772249210	8.2632555491380400
0.2148927600212510	8.1619540577071300
0.2199416428175810	8.0615518257088700
0.2249905256139110	7.9613668346150400
0.2300394084102400	7.8623019877351600
0.2350882912065700	7.7642955300570200
0.2401371740029000	7.6662523191962100
0.2451860567992300	7.5685202297687600
0.2502349395955600	7.4721832309065200
0.2552838223918900	7.3787424742570300
0.2603327051882200	7.2885753632360600
0.2653815879845500	7.1996801038673900
0.2704304707808790	7.1124019786803300
0.2754793535772080	7.0261528089181900
0.2805282363735380	6.9414144462509900
0.2855771191698690	6.8569941167825800
0.2906260019661990	6.7725918028560300
0.2956748847625280	6.6897811183021100
0.3007237675588580	6.6096363604080400
0.3057726503551880	6.5312529758832200
0.3108215331515180	6.4529213132269700
0.3158704159478470	6.3745014050750600
0.3209192987441770	6.2969215234052600
0.3259681815405070	6.2205049722172200
0.3310170643368370	6.1449443136637600
0.3360659471331670	6.0701890018073900
0.3411148299294960	5.9955668020944300
0.3461637127258260	5.9204876491336600
0.3512125955221560	5.8455575796894100
0.3562614783184860	5.7722566329989900
0.3613103611148160	5.7014137074577800
0.3663592439111450	5.6321048559792700
0.3714081267074760	5.5632029607770500
0.3764570095038060	5.4933848209248600
0.3815058923001350	5.4221074443175300
0.3865547750964650	5.3496972595380800
0.3916036578927950	5.2768903863940700
0.3966525406891250	5.2054953792512400
0.4017014234854550	5.1351850088740100
0.4067503062817840	5.0665575489697700
0.4117991890781150	4.9994290318566900
0.4168480718744440	4.9335890734870000
0.4218969546707740	4.8689848997861000
0.4269458374671030	4.8045469507284700
0.4319947202634330	4.7400807705530300
0.4370436030597640	4.6750422649306600
0.4420924858560930	4.6091675949740900
0.4471413686524230	4.5437405398660500
0.4521902514487520	4.4788438931554800
0.4572391342450830	4.4149716412511800
0.4622880170414130	4.3512448457553000
0.4673368998377420	4.2876549686216400
0.4723857826340720	4.2235275188732700
0.4774346654304030	4.1592639704575300
0.4824835482267320	4.0953577718965800
0.4875324310230620	4.0324263749180300
0.4925813138193910	3.9709554446250800
0.4976301966157210	3.9101745247464800
0.5026790794120520	3.8505104577702400
0.5077279622083810	3.7917926173771700
0.5127768450047100	3.7337749269604600
0.5178257278010400	3.6762466438849500
0.5228746105973710	3.6192536342194700
0.5279234933937010	3.5628187079943300
0.5329723761900300	3.5070768496752500
0.5380212589863590	3.4524819569481100
0.5430701417826910	3.3997748260289000
0.5481190245790200	3.3475747610356700
0.5531679073753490	3.2945839931865600
0.5582167901716790	3.2408326291711900
0.5632656729680080	3.1881199040537100
0.5683145557643390	3.1365830418490200
0.5733634385606680	3.0855221819304900
0.5784123213569980	3.0343218009328300
0.5834612041533290	2.9832502263128600
0.5885100869496580	2.9320734721790000
0.5935589697459880	2.8804612236342600
0.5986078525423180	2.8280584676472700
0.6036567353386470	2.7758280282521500
0.6087056181349780	2.7243188557740600
0.6137545009313070	2.6739329851483600
0.6188033837276370	2.6245065768762900
0.6238522665239670	2.5752766403976400
0.6289011493202960	2.5264223975928400
0.6339500321166270	2.4778888859429100
0.6389989149129560	2.4305250133474500
0.6440477977092860	2.3843132582219300
0.6490966805056160	2.3389761053850600
0.6541455633019460	2.2938812754161600
0.6591944460982760	2.2491970417963700
0.6642433288946060	2.2052220275646000
0.6692922116909350	2.1619705505195500
0.6743410944872660	2.1188796000131300
0.6793899772835950	2.0755772466461900
0.6844388600799250	2.0320502969028800
0.6894877428762550	1.9884239933792000
0.6945366256725840	1.9444089126275500
0.6995855084689150	1.9001475889346100
0.7046343912652430	1.8562826383492000
0.7096832740615740	1.8132935535647400
0.7147321568579040	1.7704692303275900
0.7197810396542330	1.7269891347231200
0.7248299224505640	1.6829099496978700
0.7298788052468940	1.6391701463195600
0.7349276880432230	1.5960087022672000
0.7399765708395540	1.5533562493645700
0.7450254536358820	1.5117041025538800
0.7500743364322130	1.4716458940246300
0.7551232192285430	1.4332787853531500
0.7601721020248710	1.3961938130366400
0.7652209848212030	1.3592303619170800
0.7702698676175310	1.3216190497885500
0.7753187504138610	1.2830409763957100
0.7803676332101920	1.2439916589726400
0.7854165160065210	1.2050058527616000
0.7904653988028520	1.1662329822215600
0.7955142815991820	1.1273560464912800
0.8005631643955100	1.0887490322475500
0.8056120471918420	1.0509435078486800
0.8106609299881700	1.0142418664085900
0.8157098127845000	0.9783633298259250
0.8207586955808310	0.9427032335904870
0.8258075783771600	0.9073976288138040
0.8308564611734910	0.8731908726322380
0.8359053439698180	0.8408551470236250
0.8409542267661490	0.8102571614103810
0.8460031095624800	0.7808412725053040
0.8510519923588090	0.7520938701876560
0.8561008751551390	0.7235611453731500
0.8611497579514700	0.6952737691553040
0.8661986407477980	0.6668464115715680
0.8712475235441290	0.6386985264775440
0.8762964063404570	0.6112269055896390
0.8813452891367880	0.5841443325698480
0.8863941719331190	0.5577635630010040
0.8914430547294470	0.5321766656157960
0.8964919375257780	0.5075077257887950
0.9015408203221060	0.4832491870081680
0.9065897031184370	0.4592191980262140
0.9116385859147680	0.4359324216022460
0.9166874687110960	0.4132906917537330
0.9217363515074270	0.3906263848075620
0.9267852343037580	0.3678695005430050
0.9318341171000860	0.3458256983799700
0.9368829998964170	0.3250667864405090
0.9419318826927450	0.3055618228134880
0.9469807654890760	0.2868582485851720
0.9520296482854070	0.2685813237823620
0.9570785310817350	0.2504574292419130
0.9621274138780660	0.2329728852572560
0.9671762966743930	0.2164158890497740
0.9722251794707250	0.2010434032639790
0.9772740622670550	0.1865369046974880
0.9823229450633840	0.1732823423704210
0.9873718278597140	0.1607938018553210
0.9924207106560450	0.1485343249481310
0.9974695934523730	0.1360958059588090
1.0025184762487000	0.1240495436917120
1.0075673590450300	0.1130363328450310
1.0126162418413600	0.1031422278027900
1.0176651246376900	0.0937372762192340
1.0227140074340200	0.0849222279622530
1.0277628902303500	0.0761629866618898
1.0328117730266800	0.0678828628651604
1.0378606558230100	0.0599787876476473
1.0429095386193400	0.0527655886977672
1.0479584214156700	0.0463585738013521
1.0530073042120000	0.0403657873528551
1.0580561870083300	0.0344841203057032
1.0631050698046600	0.0284569660076061
1.0681539526009900	0.0225258830949990
1.0732028353973200	0.0169448510266881
1.0782517181936500	0.0117103648336474
1.0833006009899800	0.0067994355855872
1.0883494837863100	0.0022284212796548
1.0933983665826400	-0.0018074686607354
1.0984472493789700	-0.0056720927291880
1.1034961321753000	-0.0092837613197089
1.1085450149716300	-0.0131165561970448
1.1135938977679600	-0.0166714363154098
1.1186427805642900	-0.0201193334470506
1.1236916633606200	-0.0230280075614926
1.1287405461569500	-0.0257131306516798
1.1337894289532800	-0.0282423438342011
1.1388383117496100	-0.0306481450096593
1.1438871945459400	-0.0329449751583876
1.1489360773422700	-0.0347165201632223
1.1539849601386000	-0.0361227930751488
1.1590338429349300	-0.0375966610893828
1.1640827257312600	-0.0393645734298100
1.1691316085275900	-0.0409709951946159
1.1741804913239200	-0.0420550495121809
1.1792293741202500	-0.0423057765646637
1.1842782569165800	-0.0433612360976253
1.1893271397129100	-0.0450284247658297
1.1943760225092400	-0.0475707762116133
1.1994249053055700	-0.0497105868868309
1.2044737881019000	-0.0511068461465781
1.2095226708982300	-0.0518693427272559
1.2145715536945600	-0.0526434804164911
1.2196204364908900	-0.0535085691211569
1.2246693192872200	-0.0547109100517178
1.2297182020835500	-0.0556624453428948
1.2347670848798800	-0.0567758985911155
1.2398159676762100	-0.0580791957827401
1.2448648504725400	-0.0592221310733975
1.2499137332688700	-0.0604501614466809
1.2549626160652000	-0.0608854892790909
