0.0832956087592092	11.9307095952588000
0.0880738241807949	11.7187387069447000
0.0928520396023807	11.5423409577003000
0.0976302550239663	11.3775370082240000
0.1024084704455520	11.2166681174802000
0.1071866858671380	11.0608930863380000
0.1119649012887240	10.9091224101580000
0.1167431167103090	10.7604557169916000
0.1215213321318950	10.6148864761134000
0.1262995475534810	10.4726018514716000
0.1310777629750660	10.3339663216656000
0.1358559783966520	10.2003315429548000
0.1406341938182380	10.0719407077537000
0.1454124092398240	9.9479614422927100
0.1501906246614090	9.8277816760172100
0.1549688400829950	9.7093407167599300
0.1597470555045810	9.5918110970924600
0.1645252709261670	9.4746064128846600
0.1693034863477520	9.3593211196597200
0.1740817017693380	9.2475915426064100
0.1788599171909240	9.1395586808663400
0.1836381326125090	9.0344617826022300
0.1884163480340950	8.9307264759236100
0.1931945634556810	8.8271736807845600
0.1979727788772670	8.7244154651777900
0.2027509942988520	8.6225342254923100
0.2075292097204380	8.5214240993588700
0.2123074251420230	8.4196234750421700
0.2170856405636090	8.3179244796886100
0.2218638559851950	8.2172516509010100
0.2266420714067810	8.1190713942154800
0.2314202868283660	8.0222198267684500
0.2361985022499520	7.9273456192324000
0.2409767176715380	7.8343577266946500
0.2457549330931230	7.7440775011621500
0.2505331485147090	7.6559020554684100
0.2553113639362950	7.5688840167772700
0.2600895793578810	7.4832466906259500
0.2648677947794660	7.3979395016306100
0.2696460102010520	7.3124449720993800
0.2744242256226380	7.2268293055386800
0.2792024410442240	7.1418992209052700
0.2839806564658090	7.0587317942197200
0.2887588718873950	6.9768065109821000
0.2935370873089810	6.8951575544458900
0.2983153027305670	6.8136630301485500
0.3030935181521520	6.7320674029134700
0.3078717335737380	6.6513736859050500
0.3126499489953240	6.5715040132368000
0.3174281644169090	6.4927819514580600
0.3222063798384950	6.4146140766246300
0.3269845952600800	6.3369572193760700
0.3317628106816660	6.2594204086112700
0.3365410261032520	6.1814839694879300
0.3413192415248380	6.1029242584043300
0.3460974569464230	6.0245114666310300
0.3508756723680090	5.9472966399087500
0.3556538877895950	5.8710573807859600
0.3604321032111810	5.7952746619249800
0.3652103186327660	5.7196123862585500
0.3699885340543520	5.6445468589639600
0.3747667494759380	5.5703017092642000
0.3795449648975240	5.4966928486581400
0.3843231803191090	5.4228079843432600
0.3891013957406950	5.3482511930294200
0.3938796111622800	5.2734135505947400
0.3986578265838670	5.1981709234877700
0.4034360420054520	5.1231215542961100
0.4082142574270380	5.0486233474633900
0.4129924728486230	4.9757067001336600
0.4177706882702100	4.9034835561763400
0.4225489036917950	4.8317957775134200
0.4273271191133810	4.7603995188692400
0.4321053345349660	4.6902608953898500
0.4368835499565530	4.6209928909657000
0.4416617653781380	4.5525420195710200
0.4464399807997240	4.4850116601303800
0.4512181962213090	4.4186875315941400
0.4559964116428940	4.3538331039369800
0.4607746270644810	4.2904154363834700
0.4655528424860660	4.2284805922127700
0.4703310579076520	4.1681227268360700
0.4751092733292380	4.1087661219063500
0.4798874887508240	4.0502003226076800
0.4846657041724100	3.9920863311888900
0.4894439195939950	3.9349455853075100
0.4942221350155800	3.8784496695050100
0.4990003504371670	3.8221285392493900
0.5037785658587520	3.7658330796936300
0.5085567812803380	3.7097497426574100
0.5133349967019240	3.6546084719452500
0.5181132121235090	3.6001407298698600
0.5228914275450950	3.5463221953166400
0.5276696429666800	3.4928195611530100
0.5324478583882660	3.4392308305504200
0.5372260738098520	3.3854740759129900
0.5420042892314380	3.3318445963399300
0.5467825046530240	3.2787168408909500
0.5515607200746100	3.2257910531057600
0.5563389354961950	3.1734001877623600
0.5611171509177820	3.1213753986357200
0.5658953663393660	3.0702173151563700
0.5706735817609520	3.0192770009857200
0.5754517971825380	2.9685510756893900
0.5802300126041230	2.9171306505662400
0.5850082280257100	2.8655115090765700
0.5897864434472940	2.8144296040945400
0.5945646588688800	2.7642587700140800
0.5993428742904670	2.7147782440599100
0.6041210897120520	2.6651081447026700
0.6088993051336380	2.6152367741283600
0.6136775205552240	2.5649330268892600
0.6184557359768090	2.5140212139220400
0.6232339513983960	2.4632607206268300
0.6280121668199800	2.4133371368439300
0.6327903822415660	2.3651514430990400
0.6375685976631520	2.3176903818222200
0.6423468130847370	2.2710036189240900
0.6471250285063240	2.2247153348542400
0.6519032439279080	2.1788297635012500
0.6566814593494950	2.1328404488360100
0.6614596747710810	2.0870154224555100
0.6662378901926660	2.0421928656800000
0.6710161056142520	1.9984926347200300
0.6757943210358390	1.9555724101139300
0.6805725364574230	1.9131603171591000
0.6853507518790100	1.8707452706078400
0.6901289673005940	1.8283240711327500
0.6949071827221810	1.7862635717586500
0.6996853981437670	1.7447247163576700
0.7044636135653510	1.7044038447280600
0.7092418289869380	1.6647877861747400
0.7140200444085220	1.6254370074570000
0.7187982598301090	1.5856576926071000
0.7235764752516950	1.5454318960860800
0.7283546906732800	1.5050796070979700
0.7331329060948670	1.4649027322410500
0.7379111215164530	1.4254150115938800
0.7426893369380370	1.3862848293834700
0.7474675523596240	1.3469432283755600
0.7522457677812090	1.3076838675588200
0.7570239832027950	1.2690332058899200
0.7618021986243810	1.2310522777405300
0.7665804140459650	1.1932803839871500
0.7713586294675530	1.1567717475891100
0.7761368448891370	1.1219351397187200
0.7809150603107230	1.0880103052963500
0.7856932757323100	1.0542115824286100
0.7904714911538940	1.0200724451716200
0.7952497065754810	0.9865630966873610
0.8000279219970670	0.9531971378293250
0.8048061374186510	0.9205966710148170
0.8095843528402390	0.8880340095779270
0.8143625682618230	0.8559190415764480
0.8191407836834090	0.8249057307700160
0.8239189991049960	0.7947533762794370
0.8286972145265800	0.7657518348671240
0.8334754299481670	0.7363724024531040
0.8382536453697540	0.7070535501572040
0.8430318607913370	0.6781761176533710
0.8478100762129250	0.6499594654741910
0.8525882916345090	0.6227131078422620
0.8573665070560950	0.5959010149237080
0.8621447224776820	0.5697992601862250
0.8669229378992660	0.5442174393083770
0.8717011533208530	0.5186248026951420
0.8764793687424370	0.4937593605094720
0.8812575841640230	0.4694252598270290
0.8860357995856100	0.4457787802000480
0.8908140150071950	0.4222861706039620
0.8955922304287810	0.3990018639335270
0.9003704458503680	0.3759503781366150
0.9051486612719520	0.3537933196096950
0.9099268766935390	0.3328964734453610
0.9147050921151230	0.3133770272821420
0.9194833075367100	0.2944689355190880
0.9242615229582960	0.2758369105362310
0.9290397383798800	0.2579398899171980
0.9338179538014670	0.2407605106930300
0.9385961692230510	0.2242506358597780
0.9433743846446380	0.2084690780955460
0.9481526000662240	0.1938110089578970
0.9529308154878090	0.1804981033890940
0.9577090309093950	0.1680770659144980
0.9624872463309820	0.1563416538694500
0.9672654617525660	0.1453047064411950
0.9720436771741530	0.1345935516919830
0.9768218925957380	0.1240454427205130
0.9816001080173240	0.1134660050697340
0.9863783234389100	0.1033408264648010
0.9911565388604940	0.0936042142917265
0.9959347542820810	0.0842700548754642
1.0007129697036700	0.0753743646492599
1.0054911851252500	0.0667058213358021
1.0102694005468400	0.0583349869755944
1.0150476159684200	0.0507161611611657
1.0198258313900100	0.0437099301023685
1.0246040468116000	0.0373415835200555
1.0293822622331800	0.0306519227692365
1.0341604776547700	0.0246509744070038
1.0389386930763500	0.0185841234553954
1.0437169084979400	0.0125660399885022
1.0484951239195200	0.0062733226270274
1.0532733393411100	0.0011526536417077
1.0580515547626900	-0.0023042678632679
1.0628297701842800	-0.0051445160568560
1.0676079856058700	-0.0089756758364891
1.0723862010274500	-0.0133507324355496
1.0771644164490400	-0.0165665810656055
1.0819426318706200	-0.0184140199092994
1.0867208472922100	-0.0198340820049486
1.0914990627137900	-0.0222154657452870
1.0962772781353800	-0.0244152794916231
1.1010554935569700	-0.0259837436402591
1.1058337089785500	-0.0272002510071445
1.1106119244001400	-0.0290222281504288
1.1153901398217200	-0.0313867540250718
1.1201683552433100	-0.0328095166442542

